SIZES
  narena                13631488
  nbuffer               44464
  nplugin               0
  maxuse_stack          3432
  maxuse_arena          33576
  maxuse_con            8
  maxuse_efc            33
  solver_nisland        1
  ne                    0
  nf                    0
  nl                    1
  nefc                  13
  nnzJ                  104
  ncon                  3
  nisland               0
  threadpool            0

TIMER
    0:  duration =  0          number = 0
    1:  duration =  0.27       number = 6
    2:  duration =  0          number = 0
    3:  duration =  0.23       number = 6
    4:  duration =  0.01       number = 6
    5:  duration =  0          number = 0
    6:  duration =  0.026      number = 6
    7:  duration =  0          number = 0
    8:  duration =  0.027      number = 6
    9:  duration =  0.0059     number = 6
    10:  duration =  0.17       number = 6
    11:  duration =  0.021      number = 6
    12:  duration =  0.00045    number = 6
    13:  duration =  0.024      number = 6
    14:  duration =  0.13       number = 6

SOLVER STAT
  solver_nisland = 1
  solver_fwdinv =   0         0       
  ISLAND 0
    solver_niter = 1
    solver_nnz = 64
      0:  improvement =  0           gradient =  4.8e-16     lineslope =  0       
          nactive = 7   nchange = 0   neval = 2   nupdate = 0

ENERGY =   0         0       

TIME =  46      

QPOS
  -0.86    
  -0.48    
   0.078   
  -0.58    
  -0.85    
   1.6     
  -0.013   
   0.012   

QVEL
  -0.019   
  -0.0058  
   0.024   
  -0.15    
   0.42    
   0.062   
   0.00077 
   0.0023  

QACC_WARMSTART
   0.7     
  -19      
  -50      
  -73      
   8.5e+02 
   7.1e+02 
   0.57    
  -33      

QFRC_APPLIED
   0       
   0       
   0       
   0       
   0       
   0       
   0       
   0       

XFRC_APPLIED
   0         0         0         0         0         0       
   0         0         0         0         0         0       
   0         0         0         0         0         0       
   0         0         0         0         0         0       
   0         0         0         0         0         0       
   0         0         0         0         0         0       
   0         0         0         0         0         0       
   0         0         0         0         0         0       
   0         0         0         0         0         0       

QACC
   0.7     
  -19      
  -50      
  -73      
   8.5e+02 
   7.1e+02 
   0.57    
  -33      

XPOS
   0         0         0       
   0         0         0.2     
   0         0         0.28    
   0.063    -0.073     0.47    
   0.096    -0.11      0.48    
   0.2      -0.24      0.41    
   0.2      -0.24      0.4     
   0.23     -0.25      0.38    
   0.21     -0.27      0.4     

XQUAT
   1         0         0         0       
   0.91      0         0        -0.41    
   0.7       0.4      -0.59      0.084   
   0.57      0.69     -0.16     -0.41    
   0.55      0.66      0.5       0.037   
   0.5       0.47      0.17     -0.71    
   0.28      0.92     -0.27      0.044   
  -0.45     -0.21      0.76      0.43    
  -0.45     -0.21      0.76      0.43    

XMAT
   1         0         0         0         1         0         0         0         1       
   0.66      0.75      0        -0.75      0.66     -0        -0         0         1       
   0.3      -0.58     -0.75     -0.35      0.67     -0.66      0.89      0.46     -1.8e-16 
   0.6       0.25     -0.75     -0.7      -0.29     -0.66     -0.39      0.92     -2.2e-16 
   0.49      0.63      0.6       0.71      0.11     -0.7      -0.51      0.77     -0.39    
  -0.069     0.87     -0.49     -0.55     -0.45     -0.71     -0.83      0.22      0.51    
   0.86     -0.51     -0.069    -0.46     -0.7      -0.55      0.23      0.5      -0.83    
  -0.51      0.069    -0.86     -0.7       0.55      0.46      0.5       0.83     -0.23    
  -0.51      0.069    -0.86     -0.7       0.55      0.46      0.5       0.83     -0.23    

XIPOS
   0         0         0       
  -0.0058    0.014     0.25    
   0.03     -0.039     0.39    
   0.062    -0.065     0.49    
   0.16     -0.19      0.44    
   0.21     -0.22      0.44    
   0.21     -0.25      0.4     
   0.24     -0.28      0.4     
   0.25     -0.27      0.4     

XIMAT
   1         0         0         0         1         0         0         0         1       
   0.98     -0.21      0.041     0.1       0.31     -0.95      0.18      0.93      0.32    
  -0.51     -0.81      0.28      0.73     -0.58     -0.35      0.44      0.029     0.9     
  -0.8      -0.11      0.59     -0.48      0.71     -0.52     -0.36     -0.7      -0.62    
   0.63     -0.54      0.56      0.12     -0.64     -0.76      0.77      0.54     -0.34    
  -0.49     -0.82     -0.28     -0.71      0.57     -0.42      0.51     -0.0067   -0.86    
  -0.15      0.55      0.82     -0.61      0.6      -0.52     -0.78     -0.58      0.24    
  -0.34     -0.031    -0.94     -0.76      0.6       0.26      0.56      0.8      -0.23    
  -0.66     -0.035    -0.75     -0.61      0.6       0.52      0.43      0.8      -0.42    

XANCHOR
   0         0         0.2     
   0         0         0.28    
   0.063    -0.073     0.47    
   0.096    -0.11      0.48    
   0.2      -0.24      0.41    
   0.2      -0.24      0.4     
   0.22     -0.26      0.39    
   0.22     -0.26      0.39    

XAXIS
   0         0         1       
  -0.75     -0.66     -2.2e-16 
  -0.75     -0.66      2.2e-16 
   0.6      -0.7      -0.39    
  -0.49     -0.71      0.51    
  -0.069    -0.55     -0.83    
  -0.51     -0.7       0.5     
  -0.51     -0.7       0.5     

GEOM_XPOS
   0         0         0.05    
  -0.008    -0.00039   0.15    
   0.2       0.5       0.14    
  -0.0058    0.014     0.25    
   0.03     -0.039     0.39    
   0.062    -0.065     0.49    
   0.16     -0.19      0.44    
   0.21     -0.22      0.44    
   0.2      -0.25      0.39    
   0.22     -0.26      0.4     
   0.24     -0.28      0.4     
   0.25     -0.27      0.4     

GEOM_XMAT
   1         0         0         0         1         0         0         0         1       
  -0.022    -1         0.048    -0.0011   -0.048    -1         1        -0.022    -2.5e-08 
   1         0         0         0         1         0         0         0         1       
   0.98     -0.21      0.041     0.1       0.31     -0.95      0.18      0.93      0.32    
  -0.51     -0.81      0.28      0.73     -0.58     -0.35      0.44      0.029     0.9     
  -0.8      -0.11      0.59     -0.48      0.71     -0.52     -0.36     -0.7      -0.62    
   0.63     -0.54      0.56      0.12     -0.64     -0.76      0.77      0.54     -0.34    
  -0.49     -0.82     -0.28     -0.71      0.57     -0.42      0.51     -0.0067   -0.86    
  -0.093    -0.86      0.51     -0.58      0.46      0.67     -0.81     -0.23     -0.54    
   0.26      0.42     -0.87      0.55      0.67      0.5       0.79     -0.61     -0.057   
  -0.34     -0.031    -0.94     -0.76      0.6       0.26      0.56      0.8      -0.23    
  -0.66     -0.035    -0.75     -0.61      0.6       0.52      0.43      0.8      -0.42    

SUBTREE_COM
   0.045    -0.051     0.35    
   0.045    -0.051     0.35    
   0.075    -0.089     0.42    
   0.14     -0.16      0.45    
   0.17     -0.2       0.44    
   0.22     -0.24      0.41    
   0.22     -0.26      0.4     
   0.24     -0.28      0.4     
   0.25     -0.27      0.4     

CDOF
   0         0         1         0.051     0.045    -0       
  -0.75     -0.66     -2.2e-16  -0.047     0.054     0.068   
  -0.75     -0.66      2.2e-16   0.075    -0.087    -0.028   
   0.6      -0.7      -0.39      0.11      0.096     0.00056 
  -0.49     -0.71      0.51     -0.053    -0.11     -0.2     
  -0.069    -0.55     -0.83      0.18      0.13     -0.097   
   0         0         0        -0.51     -0.7       0.5     
   0         0         0        -0.51     -0.7       0.5     

CINERT
   0         0         0         0         0         0         0         0         0         0       
   0.025     0.022     0.012     0.0047   -0.0076    0.01     -0.071     0.09     -0.15      1.4     
   0.01      0.01      0.0035    0.00087  -0.0013    0.0019   -0.022     0.017     0.05      1.4     
   0.0065    0.0065    0.00046   0.00016  -0.00063   0.00054   0.0052   -0.0043    0.043     0.31    
   0.016     0.012     0.019     0.009    -0.0049    0.0061    0.061    -0.074     0.046     0.54    
   0.0022    0.0021    0.0034    0.0017   -0.00083   0.00085   0.01     -0.01      0.0051    0.063   
   0.0028    0.002     0.0046    0.0022   -0.00046   0.00055   0.011    -0.013     0.0027    0.065   
   0.00069   0.00053   0.0012    0.00057  -0.00013   0.00014   0.0025   -0.0029    0.00064   0.013   
   0.00063   0.00056   0.0011    0.00057  -0.00011   0.00012   0.0026   -0.0028    0.00055   0.013   

CRB
   0         0         0         0         0         0         0         0         0         0       
   0.064     0.056     0.045     0.02     -0.016     0.02      1.4e-17  -1.4e-17   2.8e-17   3.8     
   0.039     0.034     0.033     0.015    -0.0083    0.01      0.071    -0.09      0.15      2.4     
   0.028     0.023     0.03      0.014    -0.0071    0.0083    0.092    -0.11      0.099     1       
   0.022     0.017     0.029     0.014    -0.0064    0.0077    0.087    -0.1       0.055     0.69    
   0.0063    0.0051    0.01      0.0051   -0.0015    0.0017    0.026    -0.029     0.009     0.15    
   0.0041    0.0031    0.0069    0.0034   -0.0007    0.00082   0.016    -0.019     0.0039    0.09    
   0.00069   0.00053   0.0012    0.00057  -0.00013   0.00014   0.0025   -0.0029    0.00064   0.013   
   0.00063   0.00056   0.0011    0.00057  -0.00011   0.00012   0.0026   -0.0028    0.00055   0.013   

QM
   0.063    -0.00063   2e-05    -0.00094   0.00041  -0.00084  -0.004    -0.004   
  -0.00063   0.11      0.032    -0.00037   0.00084   0.00043   0.0021    0.0021  
   2e-05     0.032     0.024    -0.00034   0.00055   0.00039   0.0019    0.0019  
  -0.00094  -0.00037  -0.00034   0.0004   -4.5e-06   3.2e-05   0.00018   0.00018 
   0.00041   0.00084   0.00055  -4.5e-06   0.00024  -2.3e-06  -8.4e-06  -8.4e-06 
  -0.00084   0.00043   0.00039   3.2e-05  -2.3e-06   0.00014   0.00072   0.00072 
  -0.004     0.0021    0.0019    0.00018  -8.4e-06   0.00072   0.013     0       
  -0.004     0.0021    0.0019    0.00018  -8.4e-06   0.00072   0         0.013   

QLD
   0.056    -0.016     0.033    -1.9       1.6      -6.9      -0.31     -0.31    
  -0.016     0.07      1.3      -1.2       3.5       3.5       0.16      0.16    
   0.033     1.3       0.021    -1.1       2.3       3.1       0.15      0.15    
  -1.9      -1.2      -1.1       0.00039  -0.016     0.21      0.014     0.014   
   1.6       3.5       2.3      -0.016     0.00024  -0.024    -0.00065  -0.00065 
  -6.9       3.5       3.1       0.21     -0.024     5.6e-05   0.056     0.056   
  -0.31      0.16      0.15      0.014    -0.00065   0.056     0.013     0       
  -0.31      0.16      0.15      0.014    -0.00065   0.056     0         0.013   

QLDIAGINV
   18      
   14      
   48      
   2.5e+03 
   4.2e+03 
   1.8e+04 
   78      
   78      

QLDIAGSQRTINV
   4.2     
   3.8     
   6.9     
   50      
   65      
   1.3e+02 
   8.8     
   8.8     

D_rownnz              8 8 8 8 8 8 7 7

D_rowadr              0 8 16 24 32 40 48 55

D_colind              0 1 2 3 4 5 6 7 0 1 2 3 4 5 6 7 0 1 2 3 4 5 6 7 0 1 2 3 4 5 6 7 0 1 2 3 4 5 6 7 0 1 2 3 4 5 6 7 0 1 2 3 4 5 6 0 1 2 3 4 5 7

B_rownnz              8 8 8 8 8 8 8 7 7

B_rowadr              0 8 16 24 32 40 48 56 63

B_colind              0 1 2 3 4 5 6 7 0 1 2 3 4 5 6 7 0 1 2 3 4 5 6 7 0 1 2 3 4 5 6 7 0 1 2 3 4 5 6 7 0 1 2 3 4 5 6 7 0 1 2 3 4 5 6 7 0 1 2 3 4 5 6 0 1 2 3 4 5 7

QDERIV
   0         0         0         0         0         0         0         0       
   0         0         0         0         0         0         0         0       
   0         0         0         0         0         0         0         0       
   0         0         0         0         0         0         0         0       
   0         0         0         0         0         0         0         0       
   0         0         0         0         0         0         0         0       
   0         0         0         0         0         0         0         0       
   0         0         0         0         0         0         0         0       

QLU
   0         0         0         0         0         0         0         0       
   0         0         0         0         0         0         0         0       
   0         0         0         0         0         0         0         0       
   0         0         0         0         0         0         0         0       
   0         0         0         0         0         0         0         0       
   0         0         0         0         0         0         0         0       
   0         0         0         0         0         0         0         0       
   0         0         0         0         0         0         0         0       

CONTACT
  0:
     dim           3
     geoms         4 : 6
     exclude       0
     efc_address   1
     solref         0.02      1       
     solimp         0.9       0.95      0.001     0.5       2       
     dist          -0.00069 
     includemargin  0       
     pos            0.085    -0.11      0.47    
     frame          0.6      -0.7      -0.39      0.25     -0.29      0.92     -0.75     -0.66      0       
     friction       1         1         0.005     0.0001    0.0001  
     mu             1       
  1:
     dim           3
     geoms         6 : 8
     exclude       0
     efc_address   5
     solref         0.02      1       
     solimp         0.9       0.95      0.001     0.5       2       
     dist          -0.0064  
     includemargin  0       
     pos            0.19     -0.25      0.4     
     frame         -0.069    -0.55     -0.83     -0.11     -0.83      0.55     -0.99      0.13     -6.9e-18 
     friction       1         1         0.005     0.0001    0.0001  
     mu             1       
  2:
     dim           3
     geoms         10 : 11
     exclude       0
     efc_address   9
     solref         0.02      1       
     solimp         0.9       0.95      0.001     0.5       2       
     dist          -0.00047 
     includemargin  0       
     pos            0.25     -0.28      0.4     
     frame          0.51      0.7      -0.5       0.3       0.4       0.87      0.81     -0.59      2.8e-17 
     friction       1         1         0.005     0.0001    0.0001  
     mu             1       

EFC_TYPE
  3
  6
  6
  6
  6
  6
  6
  6
  6
  6
  6
  6
  6

EFC_ID
  6
  0
  0
  0
  0
  1
  1
  1
  1
  2
  2
  2
  2

EFC_J
   0         0         0         0         0         0         1         0       
   0         0         0.022    -0.011     0         0         0         0       
   0         0        -0.062     0.011     0         0         0         0       
   0         0        -0.02     -0.01      0         0         0         0       
   0         0        -0.02      0.01      0         0         0         0       
   0         0         0         0         0.019    -0.012     0         0       
   0         0         0         0         0.0051    0.012     0         0       
   0         0         0         0        -0.0037    0.012     0         0       
   0         0         0         0         0.028    -0.012     0         0       
   0         0         0         0         0         0         1        -1       
   0         0         0         0         0         0         1        -1       
   0         0         0         0         0         0         1        -1       
   0         0         0         0         0         0         1        -1       

EFC_POS
  -0.0013  
  -0.00069 
  -0.00069 
  -0.00069 
  -0.00069 
  -0.0064  
  -0.0064  
  -0.0064  
  -0.0064  
  -0.00047 
  -0.00047 
  -0.00047 
  -0.00047 

EFC_MARGIN
   0       
   0       
   0       
   0       
   0       
   0       
   0       
   0       
   0       
   0       
   0       
   0       
   0       

EFC_FRICTIONLOSS
   0       
   0       
   0       
   0       
   0       
   0       
   0       
   0       
   0       
   0       
   0       
   0       
   0       

EFC_DIAGAPPROX
   1.3e+02 
   3.8     
   3.8     
   3.8     
   3.8     
   19      
   19      
   19      
   19      
   2.4e+02 
   2.4e+02 
   2.4e+02 
   2.4e+02 

EFC_KBIP
   2.8e+03   1.1e+02   0.95      0       
   2.8e+03   1.1e+02   0.94     -62      
   2.8e+03   1.1e+02   0.94     -62      
   2.8e+03   1.1e+02   0.94     -62      
   2.8e+03   1.1e+02   0.94     -62      
   2.8e+03   1.1e+02   0.95      0       
   2.8e+03   1.1e+02   0.95      0       
   2.8e+03   1.1e+02   0.95      0       
   2.8e+03   1.1e+02   0.95      0       
   2.8e+03   1.1e+02   0.92     -93      
   2.8e+03   1.1e+02   0.92     -93      
   2.8e+03   1.1e+02   0.92     -93      
   2.8e+03   1.1e+02   0.92     -93      

EFC_D
   0.15    
   4.2     
   4.2     
   4.2     
   4.2     
   0.99    
   0.99    
   0.99    
   0.99    
   0.048   
   0.048   
   0.048   
   0.048   

EFC_R
   6.7     
   0.24    
   0.24    
   0.24    
   0.24    
   1       
   1       
   1       
   1       
   21      
   21      
   21      
   21      

CVEL
   0         0         0         0         0         0       
   0         0        -0.019    -0.00098  -0.00087   0       
   0.0044    0.0038   -0.019    -0.00071  -0.0012   -0.0004  
  -0.014    -0.012    -0.019     0.0011   -0.0033   -0.0011  
  -0.1       0.093     0.039    -0.016    -0.018    -0.0011  
  -0.31     -0.21      0.25     -0.038    -0.063    -0.087   
  -0.32     -0.24      0.2      -0.027    -0.056    -0.093   
  -0.32     -0.24      0.2      -0.027    -0.056    -0.093   
  -0.32     -0.24      0.2      -0.028    -0.057    -0.092   

CDOF_DOT
   0         0         0         0         0         0       
  -0.013     0.014     0         0.001     0.00091  -1.2e-05 
  -0.013     0.014    -8.7e-19  -0.002    -0.001    -0.0011  
  -0.0087   -0.017     0.017     0.0024   -0.0023    0.0012  
   0.075     0.034     0.12     -0.024    -0.015     0.019   
   0.31     -0.28      0.16     -0.0063   -0.01      0.015   
  -0         0         0         0.02      0.055     0.098   
  -0         0         0         0.02      0.055     0.098   

QFRC_BIAS
   3.6e-05 
   2.7     
   1.1     
  -0.016   
   0.017   
   0.013   
   0.063   
   0.063   

QFRC_SPRING
   0       
   0       
   0       
   0       
   0       
   0       
   0       
   0       

QFRC_DAMPER
   0       
   0       
   0       
   0       
   0       
   0       
   0       
   0       

QFRC_GRAVCOMP
   0       
   0       
   0       
   0       
   0       
   0       
   0       
   0       

QFRC_FLUID
   0       
   0       
   0       
   0       
   0       
   0       
   0       
   0       

QFRC_PASSIVE
   0       
   0       
   0       
   0       
   0       
   0       
   0       
   0       

EFC_VEL
   0.00077 
   0.0022  
  -0.0031  
   0.0011  
  -0.002   
   0.0071  
   0.0029  
  -0.0008  
   0.011   
  -0.0015  
  -0.0015  
  -0.0015  
  -0.0015  

EFC_AREF
   3.4     
   1.6     
   2.1     
   1.7     
   2       
   16      
   17      
   17      
   16      
   1.3     
   1.3     
   1.3     
   1.3     

SUBTREE_LINVEL
   0         0         0       
   0         0         0       
   0         0         0       
   0         0         0       
   0         0         0       
   0         0         0       
   0         0         0       
   0         0         0       
   0         0         0       

SUBTREE_ANGMOM
   0         0         0       
   0         0         0       
   0         0         0       
   0         0         0       
   0         0         0       
   0         0         0       
   0         0         0       
   0         0         0       
   0         0         0       

QFRC_ACTUATOR
   0       
   0       
   0       
   0       
   0       
   0       
   0       
   0       

QFRC_SMOOTH
  -3.6e-05 
  -2.7     
  -1.1     
   0.016   
  -0.017   
  -0.013   
  -0.063   
  -0.063   

QACC_SMOOTH
  -0.073   
  -18      
  -25      
  -0.82    
   47      
   32      
  -0.14    
  -0.14    

EFC_B
  -3.6     
  -2.1     
  -0.62    
  -1.2     
  -1.5     
  -16      
  -16      
  -17      
  -15      
  -1.3     
  -1.3     
  -1.3     
  -1.3     

EFC_FORCE
   0.43    
   7.9     
   0       
   0       
   7.5     
   9       
   3.5     
   11      
   1.1     
   0       
   0       
   0       
   0       

EFC_STATE
  1
  1
  0
  0
  1
  1
  1
  1
  1
  0
  0
  0
  0

QFRC_CONSTRAINT
   0       
   0       
   0.03    
  -0.0084  
   0.18    
   0.055   
   0.43    
   0       

QFRC_INVERSE
   0       
   0       
   0       
   0       
   0       
   0       
   0       
   0       

CACC
   0         0         0         0         0         0       
   0         0         0         0         0         0       
   0         0         0         0         0         0       
   0         0         0         0         0         0       
   0         0         0         0         0         0       
   0         0         0         0         0         0       
   0         0         0         0         0         0       
   0         0         0         0         0         0       
   0         0         0         0         0         0       

CFRC_INT
   0         0         0         0         0         0       
   0         0         0         0         0         0       
   0         0         0         0         0         0       
   0         0         0         0         0         0       
   0         0         0         0         0         0       
   0         0         0         0         0         0       
   0         0         0         0         0         0       
   0         0         0         0         0         0       
   0         0         0         0         0         0       

CFRC_EXT
   0         0         0         0         0         0       
   0         0         0         0         0         0       
   0         0         0         0         0         0       
   0         0         0         0         0         0       
   0         0         0         0         0         0       
   0         0         0         0         0         0       
   0         0         0         0         0         0       
   0         0         0         0         0         0       
   0         0         0         0         0         0       

